TP:41
FN:6
FP:1996
TN:2023
precision:0.020127638684339717
recall:0.8723404255319149
accuracy:0.5076242006886375
